band_1:
  cameraMatrix:
  - [1578.3710550115372, 0.0, 729.1541706331229]
  - [0.0, 1578.8766386221944, 569.3798204139862]
  - [0.0, 0.0, 1.0]
  distCoeffs:
  - [-0.08600073926921288, 0.11916039924039112, 0.00141875860499057, 0.00018487223809209946,
    0.0034565312621710536]
  rotation:
  - [0.9999800679825452, 0.0062977647228842455, -0.00044921834267073226]
  - [-0.006301515912823284, 0.999940492978234, -0.008905133331221008]
  - [0.0003931091764790854, 0.008907786590482684, 0.9999602476114907]
  translation:
  - [-0.08913825524281163]
  - [-0.041978255787393254]
  - [0.006634534431325801]
band_2:
  cameraMatrix:
  - [1566.0836835542614, 0.0, 723.6676844257158]
  - [0.0, 1566.411840653716, 522.4415193263433]
  - [0.0, 0.0, 1.0]
  distCoeffs:
  - [-0.0962910692763557, 0.15743548922109166, 0.0007959871583534004, 0.00028753378646579285,
    -0.10021093485023186]
  rotation:
  - [0.9999730375462128, 0.0073057085807467555, -0.0007421608543354843]
  - [-0.007311477367661209, 0.9999405224828429, -0.008092823700118991]
  - [0.0006829929009020956, 0.00809803179002361, 0.9999669771556584]
  translation:
  - [-0.04148226603480782]
  - [-0.04120644716676972]
  - [0.006459511153821086]
band_3:
  cameraMatrix:
  - [1576.1250619589018, 0.0, 709.1982860333663]
  - [0.0, 1576.4880441250764, 524.7416063404833]
  - [0.0, 0.0, 1.0]
  distCoeffs:
  - [-0.10056678093828104, 0.18844951363466741, 0.0008430865019195063, -0.0001420063977413749,
    -0.1785115490323525]
  rotation:
  - [0.9999761067769126, 0.005925195820754602, -0.0035606080624439726]
  - [-0.005931506070457005, 0.9999808520566004, -0.0017643003971934818]
  - [0.0035500860587823115, 0.0017853780107074167, 0.9999921046259986]
  translation:
  - [-0.04144289677052602]
  - [-0.060750851034860304]
  - [0.005966178735613513]
band_4:
  cameraMatrix:
  - [1579.8808076535413, 0.0, 746.3684576459016]
  - [0.0, 1580.3761807745461, 549.1708446104266]
  - [0.0, 0.0, 1.0]
  distCoeffs:
  - [-0.09210336937401793, 0.11922848741849189, 0.0006736940244601197, 0.0004070345413899778,
    -0.025914024873034725]
  rotation:
  - [0.9999792297230076, 0.005539864328338548, -0.0032939377352977383]
  - [-0.0055425925825364295, 0.9999843037447106, -0.0008197143833387657]
  - [0.0032893449263384426, 0.0008379543125030097, 0.9999942390046683]
  translation:
  - [-0.0654858786097354]
  - [-0.0346023637564334]
  - [0.006965324853891537]
band_5:
  cameraMatrix:
  - [1577.6397482220711, 0.0, 714.3359424191336]
  - [0.0, 1578.1822918185799, 572.5525445948692]
  - [0.0, 0.0, 1.0]
  distCoeffs:
  - [-0.0950424501755356, 0.13565755710224214, 0.0003256985409419806, 0.0002915608009713103,
    -0.03878903633551993]
  rotation:
  - [0.9999707729361569, 0.007557978472972652, -0.001153358082800676]
  - [-0.007558172972710725, 0.9999714230932025, -0.00016437235173390077]
  - [0.0011520828006982848, 0.00017308482750195167, 0.9999993213732011]
  translation:
  - [-0.08945709495618052]
  - [-0.0590309419966116]
  - [0.006313132275767944]
band_6:
  cameraMatrix:
  - [3003.8351294674208, 0.0, 1239.4530276697571]
  - [0.0, 3005.3395840366284, 1057.1901420252927]
  - [0.0, 0.0, 1.0]
  distCoeffs:
  - [-0.17314409891888116, 0.1589804740816251, -0.0003192845925903363, 0.0012679831865992843,
    0.2774839119850825]
  rotation:
  - [0.9999738411957068, 0.007198671522708305, -0.0007043100251795664]
  - [-0.007200869732883573, 0.999969048861057, -0.003169983438921164]
  - [0.0006814685564728677, 0.0031749721606876614, 0.9999947275622934]
  translation:
  - [-0.06516268132159195]
  - [-0.05820870921171978]
  - [-0.0011027626545819904]
